6.39272742228   22.6719167776   1.5
7.17798465627   24.5194090028   1.5
5.46058469528   19.9280006183   1.5
7.84446709813   26.8185307993   1.5
5.31643955039   18.3013985794   1.5
4.52729716782   17.1723337267   1.5
0.334168441113  3.13413147138   1.5
4.48607368036   17.1404918216   1.5
6.66939931629   23.1120998693   1.5
8.7435270238    29.0210938037   1.5
1.8973144095    7.92380468633   1.5
9.34212136875   31.4413871919   1.5
9.69070070079   31.859856477    1.5
5.72305053557   20.1322570697   1.5
1.1234785802    5.85508475962   1.5
5.40225167523   19.1957650191   1.5
9.41370314546   30.9481153999   1.5
5.30809857757   18.8659496482   1.5
7.42093567478   25.3350688758   1.5
8.1400868806    27.3047662186   1.5
5.33569460812   18.7679655442   1.5
1.14757113762   6.06138138777   1.5
1.56559385838   6.9611799385    1.5
0.692554431215  5.24131694084   1.5
5.0383470429    18.3081547808   1.5
9.28836806201   31.6303053687   1.5
0.962076274344  6.21018223604   1.5
6.22563735977   21.5181109634   1.5
0.364894745788  3.42376133318   1.5
3.22837454737   13.1990873754   1.5
